trip_id,route_id,service_id,shape_id
0,18178778,Mo-Su,18178778
1,18212710,Mo-Su,18212710
2,18212712,Mo-Su,18212712
3,18212716,Mo-Su,18212716
4,18212734,Mo-Su,18212734
5,18212736,Mo-Su,18212736
6,18212738,Mo-Su,18212738
7,18212752,Mo-Su,18212752
8,18212802,Mo-Su,18212802
9,18212813,Mo-Su,18212813
10,18212821,Mo-Su,18212821
11,18212846,Mo-Su,18212846
12,18265943,Mo-Su,18265943
13,18265967,Mo-Su,18265967
14,18265983,Mo-Su,18265983
15,18266011,Mo-Su,18266011
16,18266023,Mo-Su,18266023
17,18266067,Mo-Su,18266067
18,18266070,Mo-Su,18266070
19,18266131,Mo-Su,18266131
20,18266173,Mo-Su,18266173
21,18266201,Mo-Su,18266201
22,18266208,Mo-Su,18266208
23,18266214,Mo-Su,18266214
24,18268019,Mo-Su,18268019
25,18268037,Mo-Su,18268037
26,18268072,Mo-Su,18268072
27,18268107,Mo-Su,18268107
28,18268117,Mo-Su,18268117
29,18268133,Mo-Su,18268133
30,18268136,Mo-Su,18268136
31,18268140,Mo-Su,18268140
32,18268144,Mo-Su,18268144
33,18268152,Mo-Su,18268152
34,18268203,Mo-Su,18268203
35,18268365,Mo-Su,18268365
36,18268510,Mo-Su,18268510
37,18268545,Mo-Su,18268545
38,18268559,Mo-Su,18268559
39,18269212,Mo-Su,18269212
40,18284841,Mo-Su,18284841
41,18289699,Mo-Su,18289699
42,18289706,Mo-Su,18289706
43,18291846,Mo-Su,18291846
44,18291869,Mo-Su,18291869
45,18291925,Mo-Su,18291925
46,18291941,Mo-Su,18291941
47,18291951,Mo-Su,18291951
48,18291954,Mo-Su,18291954
49,18291959,Mo-Su,18291959
50,18291963,Mo-Su,18291963
51,18291971,Mo-Su,18291971
52,18291974,Mo-Su,18291974
53,18291977,Mo-Su,18291977
54,18291998,Mo-Su,18291998
55,18292006,Mo-Su,18292006
56,18292016,Mo-Su,18292016
57,18292017,Mo-Su,18292017
58,18292019,Mo-Su,18292019
59,18292021,Mo-Su,18292021
60,18292060,Mo-Su,18292060
61,18292175,Mo-Su,18292175
62,18292226,Mo-Su,18292226
63,18334498,Mo-Su,18334498
64,18334502,Mo-Su,18334502
65,18334522,Mo-Su,18334522
66,18334536,Mo-Su,18334536
67,18334552,Mo-Su,18334552
68,18494467,Mo-Su,18494467
69,18494515,Mo-Su,18494515
70,18510029,Mo-Su,18510029
71,18510108,Mo-Su,18510108
72,18511109,Mo-Su,18511109
73,18582498,Mo-Su,18582498
74,18702473,Mo-Su,18702473
75,18704711,Mo-Su,18704711
76,18704717,Mo-Su,18704717
77,18704763,Mo-Su,18704763
78,18704775,Mo-Su,18704775
79,18704787,Mo-Su,18704787
80,18704821,Mo-Su,18704821
81,18704854,Mo-Su,18704854
82,18708785,Mo-Su,18708785
83,18708963,Mo-Su,18708963
84,18709005,Mo-Su,18709005
85,18709021,Mo-Su,18709021
86,18709039,Mo-Su,18709039
87,18709052,Mo-Su,18709052
88,18709057,Mo-Su,18709057
89,18709058,Mo-Su,18709058
90,18709064,Mo-Su,18709064
91,18709204,Mo-Su,18709204
92,18709212,Mo-Su,18709212
93,18709213,Mo-Su,18709213
94,18709218,Mo-Su,18709218
95,18718061,Mo-Su,18718061
96,18718069,Mo-Su,18718069
97,18722171,Mo-Su,18722171
98,18732690,Mo-Su,18732690
99,18732693,Mo-Su,18732693
100,18732694,Mo-Su,18732694
101,18732696,Mo-Su,18732696
102,18732701,Mo-Su,18732701
103,18732703,Mo-Su,18732703
104,18732704,Mo-Su,18732704
105,18732705,Mo-Su,18732705
106,18732706,Mo-Su,18732706
107,18735441,Mo-Su,18735441
108,18735446,Mo-Su,18735446
109,18735457,Mo-Su,18735457
110,18735466,Mo-Su,18735466
111,18735497,Mo-Su,18735497
112,18735536,Mo-Su,18735536
113,18735566,Mo-Su,18735566
114,18735575,Mo-Su,18735575
115,18735597,Mo-Su,18735597
116,18736621,Mo-Su,18736621
117,18736622,Mo-Su,18736622
118,18736638,Mo-Su,18736638
119,18736640,Mo-Su,18736640
120,18736641,Mo-Su,18736641
121,18736642,Mo-Su,18736642
122,18736662,Mo-Su,18736662
123,18736672,Mo-Su,18736672
124,18736690,Mo-Su,18736690
125,18736694,Mo-Su,18736694
126,18736695,Mo-Su,18736695
127,18736703,Mo-Su,18736703
128,18736934,Mo-Su,18736934
129,18736999,Mo-Su,18736999
130,18737003,Mo-Su,18737003
131,18737050,Mo-Su,18737050
132,18737087,Mo-Su,18737087
133,18737153,Mo-Su,18737153
134,18739303,Mo-Su,18739303
135,18739338,Mo-Su,18739338
136,18739350,Mo-Su,18739350
137,18739358,Mo-Su,18739358
138,18739365,Mo-Su,18739365
139,18739378,Mo-Su,18739378
140,18739379,Mo-Su,18739379
141,18739380,Mo-Su,18739380
142,18739383,Mo-Su,18739383
143,18739384,Mo-Su,18739384
144,18739385,Mo-Su,18739385
145,18739386,Mo-Su,18739386
146,18739396,Mo-Su,18739396
147,18739397,Mo-Su,18739397
148,18739416,Mo-Su,18739416
149,18739417,Mo-Su,18739417
150,18739425,Mo-Su,18739425
151,18739431,Mo-Su,18739431
152,18739433,Mo-Su,18739433
153,18739434,Mo-Su,18739434
154,18739435,Mo-Su,18739435
155,18739441,Mo-Su,18739441
156,18739443,Mo-Su,18739443
157,18739445,Mo-Su,18739445
158,18739446,Mo-Su,18739446
159,18739457,Mo-Su,18739457
160,18739458,Mo-Su,18739458
161,18739462,Mo-Su,18739462
162,18739470,Mo-Su,18739470
163,18739473,Mo-Su,18739473
164,18739474,Mo-Su,18739474
165,18739475,Mo-Su,18739475
166,18739483,Mo-Su,18739483
167,18739502,Mo-Su,18739502
168,18739503,Mo-Su,18739503
169,18739516,Mo-Su,18739516
170,18739518,Mo-Su,18739518
171,18739519,Mo-Su,18739519
172,18739528,Mo-Su,18739528
173,18739535,Mo-Su,18739535
174,18739537,Mo-Su,18739537
175,18739547,Mo-Su,18739547
176,18739557,Mo-Su,18739557
177,18739558,Mo-Su,18739558
178,18739561,Mo-Su,18739561
179,18739571,Mo-Su,18739571
180,18739624,Mo-Su,18739624
181,18739673,Mo-Su,18739673
182,18756034,Mo-Su,18756034
183,18756038,Mo-Su,18756038
184,18756044,Mo-Su,18756044
185,18756184,Mo-Su,18756184
186,18756212,Mo-Su,18756212
187,18756216,Mo-Su,18756216
188,18756218,Mo-Su,18756218
189,18756221,Mo-Su,18756221
190,18765970,Mo-Su,18765970
191,18765971,Mo-Su,18765971
192,18765983,Mo-Su,18765983
193,18765988,Mo-Su,18765988
194,18765996,Mo-Su,18765996
195,18766238,Mo-Su,18766238
196,18766349,Mo-Su,18766349
197,18766356,Mo-Su,18766356
198,18766357,Mo-Su,18766357
199,18766358,Mo-Su,18766358
200,18766365,Mo-Su,18766365
201,18766368,Mo-Su,18766368
202,18766369,Mo-Su,18766369
203,18766370,Mo-Su,18766370
204,18766373,Mo-Su,18766373
205,18766376,Mo-Su,18766376
206,18766377,Mo-Su,18766377
207,18766381,Mo-Su,18766381
208,18766382,Mo-Su,18766382
209,18766389,Mo-Su,18766389
210,18766391,Mo-Su,18766391
211,18768312,Mo-Su,18768312
212,18768314,Mo-Su,18768314
213,18768324,Mo-Su,18768324
214,18768395,Mo-Su,18768395
215,18768446,Mo-Su,18768446
216,18768458,Mo-Su,18768458
217,18768725,Mo-Su,18768725
218,18768791,Mo-Su,18768791
219,18768803,Mo-Su,18768803
220,18768813,Mo-Su,18768813
221,18768818,Mo-Su,18768818
222,18768823,Mo-Su,18768823
223,18768889,Mo-Su,18768889
224,18768918,Mo-Su,18768918
225,18769524,Mo-Su,18769524
226,18769527,Mo-Su,18769527
227,18769548,Mo-Su,18769548
228,18769577,Mo-Su,18769577
229,18769578,Mo-Su,18769578
230,18769580,Mo-Su,18769580
231,18769581,Mo-Su,18769581
232,18769588,Mo-Su,18769588
233,18769589,Mo-Su,18769589
234,18769593,Mo-Su,18769593
235,18769626,Mo-Su,18769626
236,18769629,Mo-Su,18769629
237,18769641,Mo-Su,18769641
238,18769647,Mo-Su,18769647
239,18769649,Mo-Su,18769649
240,18769664,Mo-Su,18769664
241,18769670,Mo-Su,18769670
242,18769675,Mo-Su,18769675
243,18769686,Mo-Su,18769686
244,18769687,Mo-Su,18769687
245,18769689,Mo-Su,18769689
246,18769693,Mo-Su,18769693
247,18769698,Mo-Su,18769698
248,18769705,Mo-Su,18769705
249,18769707,Mo-Su,18769707
250,18769713,Mo-Su,18769713
251,18769725,Mo-Su,18769725
252,18769798,Mo-Su,18769798
253,18769803,Mo-Su,18769803
254,18769840,Mo-Su,18769840
255,18769849,Mo-Su,18769849
256,18769861,Mo-Su,18769861
257,18769863,Mo-Su,18769863
258,18769866,Mo-Su,18769866
259,18769875,Mo-Su,18769875
260,18769885,Mo-Su,18769885
261,18770036,Mo-Su,18770036
262,18779546,Mo-Su,18779546
263,18781276,Mo-Su,18781276
264,18781288,Mo-Su,18781288
265,18781310,Mo-Su,18781310
266,18782084,Mo-Su,18782084
267,18782085,Mo-Su,18782085
268,18782088,Mo-Su,18782088
269,18782097,Mo-Su,18782097
270,18782104,Mo-Su,18782104
271,18782127,Mo-Su,18782127
272,18782137,Mo-Su,18782137
273,18782420,Mo-Su,18782420
274,18785813,Mo-Su,18785813
275,18786512,Mo-Su,18786512
276,18786516,Mo-Su,18786516
277,18793997,Mo-Su,18793997
278,18794003,Mo-Su,18794003
279,18794052,Mo-Su,18794052
280,18794130,Mo-Su,18794130
281,18796176,Mo-Su,18796176
282,18796179,Mo-Su,18796179
283,18796181,Mo-Su,18796181
284,18796182,Mo-Su,18796182
285,18796193,Mo-Su,18796193
286,18796194,Mo-Su,18796194
287,18796201,Mo-Su,18796201
288,18796202,Mo-Su,18796202
289,18796208,Mo-Su,18796208
290,18796211,Mo-Su,18796211
291,18796212,Mo-Su,18796212
292,18796213,Mo-Su,18796213
293,18796214,Mo-Su,18796214
294,18796215,Mo-Su,18796215
295,18796219,Mo-Su,18796219
296,18796220,Mo-Su,18796220
297,18796224,Mo-Su,18796224
298,18796226,Mo-Su,18796226
299,18796227,Mo-Su,18796227
300,18796228,Mo-Su,18796228
301,18796233,Mo-Su,18796233
302,18796237,Mo-Su,18796237
303,18796238,Mo-Su,18796238
304,18796241,Mo-Su,18796241
305,18796243,Mo-Su,18796243
306,18796244,Mo-Su,18796244
307,18796245,Mo-Su,18796245
308,18796246,Mo-Su,18796246
309,18796247,Mo-Su,18796247
310,18796250,Mo-Su,18796250
311,18796251,Mo-Su,18796251
312,18796252,Mo-Su,18796252
313,18796253,Mo-Su,18796253
314,18796254,Mo-Su,18796254
315,18796264,Mo-Su,18796264
316,18796267,Mo-Su,18796267
317,18796268,Mo-Su,18796268
318,18796282,Mo-Su,18796282
319,18796291,Mo-Su,18796291
320,18796292,Mo-Su,18796292
321,18796294,Mo-Su,18796294
322,18796301,Mo-Su,18796301
323,18796305,Mo-Su,18796305
324,18796309,Mo-Su,18796309
325,18796312,Mo-Su,18796312
326,18796325,Mo-Su,18796325
327,18796327,Mo-Su,18796327
328,18796332,Mo-Su,18796332
329,18796342,Mo-Su,18796342
330,18796372,Mo-Su,18796372
331,18796373,Mo-Su,18796373
332,18815999,Mo-Su,18815999
333,18819389,Mo-Su,18819389
334,18819586,Mo-Su,18819586
335,18823412,Mo-Su,18823412
336,18823464,Mo-Su,18823464
337,18823515,Mo-Su,18823515
338,18823543,Mo-Su,18823543
339,18823559,Mo-Su,18823559
340,18823770,Mo-Su,18823770
341,18823899,Mo-Su,18823899
342,18825286,Mo-Su,18825286
343,18825302,Mo-Su,18825302
344,18825516,Mo-Su,18825516
345,18827294,Mo-Su,18827294
346,18827306,Mo-Su,18827306
347,18827318,Mo-Su,18827318
348,18827321,Mo-Su,18827321
349,18827377,Mo-Su,18827377
350,18827386,Mo-Su,18827386
351,18827414,Mo-Su,18827414
352,18827432,Mo-Su,18827432
353,18836846,Mo-Su,18836846
354,18838435,Mo-Su,18838435
355,18839402,Mo-Su,18839402
356,18839607,Mo-Su,18839607
357,18839794,Mo-Su,18839794
358,18839833,Mo-Su,18839833
359,18839904,Mo-Su,18839904
360,18840028,Mo-Su,18840028
361,18840226,Mo-Su,18840226
362,18840241,Mo-Su,18840241
363,18840370,Mo-Su,18840370
364,18840405,Mo-Su,18840405
365,18840447,Mo-Su,18840447
366,18840448,Mo-Su,18840448
367,18840449,Mo-Su,18840449
368,18840463,Mo-Su,18840463
369,18840539,Mo-Su,18840539
370,18840584,Mo-Su,18840584
371,18840585,Mo-Su,18840585
372,18840589,Mo-Su,18840589
373,18840621,Mo-Su,18840621
374,18840622,Mo-Su,18840622
375,18840623,Mo-Su,18840623
376,18840656,Mo-Su,18840656
377,18840816,Mo-Su,18840816
378,18840853,Mo-Su,18840853
379,18840864,Mo-Su,18840864
380,18840877,Mo-Su,18840877
381,18840916,Mo-Su,18840916
382,18840950,Mo-Su,18840950
383,18840953,Mo-Su,18840953
384,18840954,Mo-Su,18840954
385,18841006,Mo-Su,18841006
386,18841007,Mo-Su,18841007
387,18841014,Mo-Su,18841014
388,18841064,Mo-Su,18841064
389,18841071,Mo-Su,18841071
390,18841100,Mo-Su,18841100
391,18841117,Mo-Su,18841117
392,18841150,Mo-Su,18841150
393,18841218,Mo-Su,18841218
394,18841295,Mo-Su,18841295
395,18841308,Mo-Su,18841308
396,18841309,Mo-Su,18841309
397,18841318,Mo-Su,18841318
398,18841338,Mo-Su,18841338
399,18853746,Mo-Su,18853746
400,18858644,Mo-Su,18858644
401,18864539,Mo-Su,18864539
402,18864603,Mo-Su,18864603
403,18864665,Mo-Su,18864665
404,18864836,Mo-Su,18864836
405,18864927,Mo-Su,18864927
406,18869176,Mo-Su,18869176
407,18869179,Mo-Su,18869179
408,18869183,Mo-Su,18869183
409,18869210,Mo-Su,18869210
410,18869212,Mo-Su,18869212
411,18869220,Mo-Su,18869220
412,18869229,Mo-Su,18869229
413,18869328,Mo-Su,18869328
414,18869447,Mo-Su,18869447
415,18869482,Mo-Su,18869482
416,18869496,Mo-Su,18869496
417,18869991,Mo-Su,18869991
418,18870090,Mo-Su,18870090
419,18870107,Mo-Su,18870107
420,18870163,Mo-Su,18870163
421,18870209,Mo-Su,18870209
422,18870262,Mo-Su,18870262
423,18874306,Mo-Su,18874306
424,18874454,Mo-Su,18874454
425,18874474,Mo-Su,18874474
426,18874490,Mo-Su,18874490
427,18874864,Mo-Su,18874864
428,18874884,Mo-Su,18874884
429,18875061,Mo-Su,18875061
430,18875182,Mo-Su,18875182
431,18878036,Mo-Su,18878036
432,18878072,Mo-Su,18878072
433,18878108,Mo-Su,18878108
434,18878110,Mo-Su,18878110
435,18878114,Mo-Su,18878114
436,18878117,Mo-Su,18878117
437,18878119,Mo-Su,18878119
438,18878123,Mo-Su,18878123
439,18878126,Mo-Su,18878126
440,18878134,Mo-Su,18878134
441,18878137,Mo-Su,18878137
442,18878138,Mo-Su,18878138
443,18878146,Mo-Su,18878146
444,18878152,Mo-Su,18878152
445,18878159,Mo-Su,18878159
446,18878160,Mo-Su,18878160
447,18878161,Mo-Su,18878161
448,18878164,Mo-Su,18878164
449,18878166,Mo-Su,18878166
450,18878167,Mo-Su,18878167
451,18878169,Mo-Su,18878169
452,18878171,Mo-Su,18878171
453,18878173,Mo-Su,18878173
454,18878176,Mo-Su,18878176
455,18878179,Mo-Su,18878179
456,18878181,Mo-Su,18878181
457,18878183,Mo-Su,18878183
458,18878186,Mo-Su,18878186
459,18878187,Mo-Su,18878187
460,18878191,Mo-Su,18878191
461,18878193,Mo-Su,18878193
462,18878194,Mo-Su,18878194
463,18878198,Mo-Su,18878198
464,18878202,Mo-Su,18878202
465,18878205,Mo-Su,18878205
466,18878211,Mo-Su,18878211
467,18878212,Mo-Su,18878212
468,18878213,Mo-Su,18878213
469,18878216,Mo-Su,18878216
470,18878225,Mo-Su,18878225
471,18878234,Mo-Su,18878234
472,18878247,Mo-Su,18878247
473,18878252,Mo-Su,18878252
474,18878258,Mo-Su,18878258
475,18878268,Mo-Su,18878268
476,18878271,Mo-Su,18878271
477,18878279,Mo-Su,18878279
478,18878282,Mo-Su,18878282
479,18910283,Mo-Su,18910283
480,18934075,Mo-Su,18934075
481,18937710,Mo-Su,18937710
482,18958354,Mo-Su,18958354
483,19072410,Mo-Su,19072410
484,19072412,Mo-Su,19072412
485,19072413,Mo-Su,19072413
486,19072448,Mo-Su,19072448
487,19072498,Mo-Su,19072498
488,19109532,Mo-Su,19109532
489,19109567,Mo-Su,19109567
490,19345354,Mo-Su,19345354
491,19347286,Mo-Su,19347286
492,19355139,Mo-Su,19355139
493,19357066,Mo-Su,19357066
494,19358564,Mo-Su,19358564
495,19361995,Mo-Su,19361995
496,19366753,Mo-Su,19366753
497,19366979,Mo-Su,19366979
498,19367206,Mo-Su,19367206
499,19367447,Mo-Su,19367447
500,19367448,Mo-Su,19367448
501,19367449,Mo-Su,19367449
502,19367456,Mo-Su,19367456
503,19367458,Mo-Su,19367458
504,19367460,Mo-Su,19367460
505,19367488,Mo-Su,19367488
506,19367696,Mo-Su,19367696
507,19369172,Mo-Su,19369172
508,19369180,Mo-Su,19369180
509,19369181,Mo-Su,19369181
510,19369185,Mo-Su,19369185
511,19369195,Mo-Su,19369195
512,19369199,Mo-Su,19369199
513,19369214,Mo-Su,19369214
514,19369219,Mo-Su,19369219
515,19369229,Mo-Su,19369229
516,19369234,Mo-Su,19369234
517,19369238,Mo-Su,19369238
518,19369241,Mo-Su,19369241
519,19369243,Mo-Su,19369243
520,19369250,Mo-Su,19369250
521,19369253,Mo-Su,19369253
522,19369254,Mo-Su,19369254
523,19369255,Mo-Su,19369255
524,19369256,Mo-Su,19369256
525,19369257,Mo-Su,19369257
526,19369264,Mo-Su,19369264
527,19369265,Mo-Su,19369265
528,19369271,Mo-Su,19369271
529,19369272,Mo-Su,19369272
530,19369278,Mo-Su,19369278
531,19369279,Mo-Su,19369279
532,19369288,Mo-Su,19369288
533,19369291,Mo-Su,19369291
534,19369292,Mo-Su,19369292
535,19369293,Mo-Su,19369293
536,19369298,Mo-Su,19369298
537,19369425,Mo-Su,19369425
538,19369426,Mo-Su,19369426
539,19369432,Mo-Su,19369432
540,19369434,Mo-Su,19369434
541,19369435,Mo-Su,19369435
542,19369436,Mo-Su,19369436
543,19369453,Mo-Su,19369453
544,19369467,Mo-Su,19369467
545,19369474,Mo-Su,19369474
546,19369475,Mo-Su,19369475
547,19369476,Mo-Su,19369476
548,19369479,Mo-Su,19369479
549,19369480,Mo-Su,19369480
550,19369484,Mo-Su,19369484
551,19369485,Mo-Su,19369485
552,19369486,Mo-Su,19369486
553,19369488,Mo-Su,19369488
554,19369489,Mo-Su,19369489
555,19369491,Mo-Su,19369491
556,19369492,Mo-Su,19369492
557,19369503,Mo-Su,19369503
558,19369508,Mo-Su,19369508
559,19369513,Mo-Su,19369513
560,19369514,Mo-Su,19369514
561,19369516,Mo-Su,19369516
562,19369517,Mo-Su,19369517
563,19369540,Mo-Su,19369540
564,19369544,Mo-Su,19369544
565,19369569,Mo-Su,19369569
566,19369681,Mo-Su,19369681
567,19369768,Mo-Su,19369768
568,19369927,Mo-Su,19369927
569,19370079,Mo-Su,19370079
570,19370082,Mo-Su,19370082
571,19370105,Mo-Su,19370105
572,19370138,Mo-Su,19370138
