trip_id,route_id,service_id,shape_id
0,4205962,Mo-Su,4205962
1,4207829,Mo-Su,4207829
2,4223772,Mo-Su,4223772
3,4237142,Mo-Su,4237142
4,4247869,Mo-Su,4247869
5,4269608,Mo-Su,4269608
6,4269609,Mo-Su,4269609
7,4420888,Mo-Su,4420888
8,4430244,Mo-Su,4430244
9,4431661,Mo-Su,4431661
10,4436907,Mo-Su,4436907
11,4655384,Mo-Su,4655384
12,5149360,Mo-Su,5149360
13,5457000,Mo-Su,5457000
14,5457001,Mo-Su,5457001
15,5470046,Mo-Su,5470046
16,6714096,Mo-Su,6714096
17,9085564,Mo-Su,9085564
18,9101527,Mo-Su,9101527
19,9118342,Mo-Su,9118342
20,9118541,Mo-Su,9118541
21,9124161,Mo-Su,9124161
22,9133722,Mo-Su,9133722
23,9136633,Mo-Su,9136633
24,9196557,Mo-Su,9196557
25,9219407,Mo-Su,9219407
26,9219433,Mo-Su,9219433
27,9219457,Mo-Su,9219457
28,9219458,Mo-Su,9219458
29,9312059,Mo-Su,9312059
30,9321521,Mo-Su,9321521
31,9342276,Mo-Su,9342276
32,9342277,Mo-Su,9342277
33,9377625,Mo-Su,9377625
34,9377675,Mo-Su,9377675
35,9377676,Mo-Su,9377676
36,9377784,Mo-Su,9377784
37,9377826,Mo-Su,9377826
38,9377827,Mo-Su,9377827
39,9379871,Mo-Su,9379871
40,9380021,Mo-Su,9380021
41,9380023,Mo-Su,9380023
42,9380122,Mo-Su,9380122
43,9380213,Mo-Su,9380213
44,9380215,Mo-Su,9380215
45,9380272,Mo-Su,9380272
46,9383241,Mo-Su,9383241
47,9386184,Mo-Su,9386184
48,9392695,Mo-Su,9392695
49,9397822,Mo-Su,9397822
50,9397824,Mo-Su,9397824
51,9400927,Mo-Su,9400927
52,9417509,Mo-Su,9417509
53,9417539,Mo-Su,9417539
54,9420548,Mo-Su,9420548
55,9421022,Mo-Su,9421022
56,9427980,Mo-Su,9427980
57,9429037,Mo-Su,9429037
58,9430329,Mo-Su,9430329
59,9430924,Mo-Su,9430924
60,9431000,Mo-Su,9431000
61,9431002,Mo-Su,9431002
62,9435839,Mo-Su,9435839
63,9436000,Mo-Su,9436000
64,9436032,Mo-Su,9436032
65,9436054,Mo-Su,9436054
66,9458409,Mo-Su,9458409
67,9458460,Mo-Su,9458460
68,9458471,Mo-Su,9458471
69,9582567,Mo-Su,9582567
70,9582571,Mo-Su,9582571
71,9582573,Mo-Su,9582573
72,9582854,Mo-Su,9582854
73,9582856,Mo-Su,9582856
74,9582859,Mo-Su,9582859
75,9582860,Mo-Su,9582860
76,9715360,Mo-Su,9715360
77,9718061,Mo-Su,9718061
78,10176999,Mo-Su,10176999
79,10380049,Mo-Su,10380049
80,10387641,Mo-Su,10387641
81,10392482,Mo-Su,10392482
82,10395472,Mo-Su,10395472
83,10395597,Mo-Su,10395597
84,10396238,Mo-Su,10396238
85,10396580,Mo-Su,10396580
86,10397583,Mo-Su,10397583
87,10397705,Mo-Su,10397705
88,10407407,Mo-Su,10407407
89,10407466,Mo-Su,10407466
90,10411245,Mo-Su,10411245
91,10413052,Mo-Su,10413052
92,10413337,Mo-Su,10413337
93,10413473,Mo-Su,10413473
94,10414582,Mo-Su,10414582
95,10443585,Mo-Su,10443585
96,10620494,Mo-Su,10620494
97,10623351,Mo-Su,10623351
98,10623700,Mo-Su,10623700
99,10623782,Mo-Su,10623782
100,10626424,Mo-Su,10626424
101,10626619,Mo-Su,10626619
102,10686843,Mo-Su,10686843
103,10687570,Mo-Su,10687570
104,10688684,Mo-Su,10688684
105,10688740,Mo-Su,10688740
106,10688865,Mo-Su,10688865
107,10691722,Mo-Su,10691722
108,10691728,Mo-Su,10691728
109,10691742,Mo-Su,10691742
110,10692360,Mo-Su,10692360
111,10692381,Mo-Su,10692381
112,10692412,Mo-Su,10692412
113,10692726,Mo-Su,10692726
114,10692795,Mo-Su,10692795
115,10693034,Mo-Su,10693034
116,10693249,Mo-Su,10693249
117,10694643,Mo-Su,10694643
118,10694841,Mo-Su,10694841
119,10694992,Mo-Su,10694992
120,10695765,Mo-Su,10695765
121,10696073,Mo-Su,10696073
122,10696152,Mo-Su,10696152
123,10707969,Mo-Su,10707969
124,10708454,Mo-Su,10708454
125,10708489,Mo-Su,10708489
126,10708849,Mo-Su,10708849
127,10709216,Mo-Su,10709216
128,10709736,Mo-Su,10709736
129,10712108,Mo-Su,10712108
130,10712279,Mo-Su,10712279
131,10712334,Mo-Su,10712334
132,10716517,Mo-Su,10716517
133,10718919,Mo-Su,10718919
134,10718946,Mo-Su,10718946
135,10718967,Mo-Su,10718967
136,10719010,Mo-Su,10719010
137,10719025,Mo-Su,10719025
138,10719035,Mo-Su,10719035
139,10719095,Mo-Su,10719095
140,10719128,Mo-Su,10719128
141,10721298,Mo-Su,10721298
142,10721776,Mo-Su,10721776
143,10721892,Mo-Su,10721892
144,10722104,Mo-Su,10722104
145,10722148,Mo-Su,10722148
146,10723654,Mo-Su,10723654
147,10724411,Mo-Su,10724411
148,10724599,Mo-Su,10724599
149,10742219,Mo-Su,10742219
150,10742249,Mo-Su,10742249
151,10742265,Mo-Su,10742265
152,10742276,Mo-Su,10742276
153,10742335,Mo-Su,10742335
154,10742513,Mo-Su,10742513
155,10742585,Mo-Su,10742585
156,10742625,Mo-Su,10742625
157,10744108,Mo-Su,10744108
158,10768014,Mo-Su,10768014
159,10786894,Mo-Su,10786894
160,10786928,Mo-Su,10786928
161,10788634,Mo-Su,10788634
162,10789860,Mo-Su,10789860
163,10795881,Mo-Su,10795881
164,10799951,Mo-Su,10799951
165,10813739,Mo-Su,10813739
166,11015397,Mo-Su,11015397
167,11015478,Mo-Su,11015478
168,11096956,Mo-Su,11096956
169,11096957,Mo-Su,11096957
170,11103749,Mo-Su,11103749
171,11103802,Mo-Su,11103802
172,11105559,Mo-Su,11105559
173,11105576,Mo-Su,11105576
174,11106317,Mo-Su,11106317
175,11106342,Mo-Su,11106342
176,11106387,Mo-Su,11106387
177,11107845,Mo-Su,11107845
178,11107907,Mo-Su,11107907
179,11108080,Mo-Su,11108080
180,11109737,Mo-Su,11109737
181,11110061,Mo-Su,11110061
182,11110129,Mo-Su,11110129
183,11111544,Mo-Su,11111544
184,11111558,Mo-Su,11111558
185,11111697,Mo-Su,11111697
186,11115682,Mo-Su,11115682
187,11116658,Mo-Su,11116658
188,11116706,Mo-Su,11116706
189,11116758,Mo-Su,11116758
190,11116770,Mo-Su,11116770
191,11116951,Mo-Su,11116951
192,11118368,Mo-Su,11118368
193,11118511,Mo-Su,11118511
194,11118647,Mo-Su,11118647
195,11121479,Mo-Su,11121479
196,11123109,Mo-Su,11123109
197,11123198,Mo-Su,11123198
198,11123215,Mo-Su,11123215
199,11123257,Mo-Su,11123257
200,11124771,Mo-Su,11124771
201,11124782,Mo-Su,11124782
202,11126026,Mo-Su,11126026
203,11127304,Mo-Su,11127304
204,11127350,Mo-Su,11127350
205,11127379,Mo-Su,11127379
206,11127392,Mo-Su,11127392
207,11127395,Mo-Su,11127395
208,11127419,Mo-Su,11127419
209,11127460,Mo-Su,11127460
210,11127465,Mo-Su,11127465
211,11129178,Mo-Su,11129178
212,11129182,Mo-Su,11129182
213,11129203,Mo-Su,11129203
214,11130832,Mo-Su,11130832
215,11131143,Mo-Su,11131143
216,11131214,Mo-Su,11131214
217,11131445,Mo-Su,11131445
218,11132626,Mo-Su,11132626
219,11132650,Mo-Su,11132650
220,11133890,Mo-Su,11133890
221,11134477,Mo-Su,11134477
222,11137986,Mo-Su,11137986
223,11138009,Mo-Su,11138009
224,11138032,Mo-Su,11138032
225,11138084,Mo-Su,11138084
226,11138764,Mo-Su,11138764
227,11138791,Mo-Su,11138791
228,11140017,Mo-Su,11140017
229,11140123,Mo-Su,11140123
230,11140612,Mo-Su,11140612
231,11140643,Mo-Su,11140643
232,11140668,Mo-Su,11140668
233,11140677,Mo-Su,11140677
234,11142143,Mo-Su,11142143
235,11142238,Mo-Su,11142238
236,11148102,Mo-Su,11148102
237,11148108,Mo-Su,11148108
238,11151933,Mo-Su,11151933
239,15749345,Mo-Su,15749345
240,15749364,Mo-Su,15749364
241,16144238,Mo-Su,16144238
242,16147024,Mo-Su,16147024
243,16283966,Mo-Su,16283966
244,16294397,Mo-Su,16294397
245,16294410,Mo-Su,16294410
246,16306401,Mo-Su,16306401
247,16306421,Mo-Su,16306421
248,16306422,Mo-Su,16306422
249,16603891,Mo-Su,16603891
250,16603902,Mo-Su,16603902
251,16774715,Mo-Su,16774715
252,16774734,Mo-Su,16774734
253,16774771,Mo-Su,16774771
254,16774784,Mo-Su,16774784
255,16774789,Mo-Su,16774789
256,16774834,Mo-Su,16774834
257,16774838,Mo-Su,16774838
258,16774848,Mo-Su,16774848
259,16774849,Mo-Su,16774849
260,16774852,Mo-Su,16774852
261,16774853,Mo-Su,16774853
262,16774859,Mo-Su,16774859
263,16774860,Mo-Su,16774860
264,16799911,Mo-Su,16799911
265,16799912,Mo-Su,16799912
266,16804729,Mo-Su,16804729
267,16804730,Mo-Su,16804730
268,16806297,Mo-Su,16806297
269,16806298,Mo-Su,16806298
270,16806299,Mo-Su,16806299
271,16806300,Mo-Su,16806300
272,16806919,Mo-Su,16806919
273,16806920,Mo-Su,16806920
274,17193323,Mo-Su,17193323
275,17290564,Mo-Su,17290564
276,17290615,Mo-Su,17290615
277,17291147,Mo-Su,17291147
