agency_id,fare_id,price,currency_type,payment_method
0,0,0,USD,0
1,1,0,USD,0
0,2,0,USD,0
0,3,0,USD,0
2,4,0,USD,0
2,5,0,USD,0
2,6,0,USD,0
1,7,0,USD,0
3,8,0,USD,0
1,9,0,USD,0
4,10,0,USD,0
5,11,0,USD,0
2,12,0,USD,0
3,13,0,USD,0
3,14,0,USD,0
2,15,0,USD,0
6,16,0,USD,0
3,17,0,USD,0
3,18,0,USD,0
7,19,0,USD,0
7,20,0,USD,0
7,21,0,USD,0
8,22,0,USD,0
9,23,0,USD,0
10,24,0,USD,0
11,25,0,USD,0
12,26,0,USD,0
13,27,0,USD,0
13,28,0,USD,0
9,29,0,USD,0
14,30,0,USD,0
15,31,0,USD,0
9,32,0,USD,0
16,33,0,USD,0
17,34,0,USD,0
17,35,0,USD,0
18,36,0,USD,0
19,37,0,USD,0
19,38,0,USD,0
5,39,0,USD,0
20,40,0,USD,0
20,41,0,USD,0
1,42,0,USD,0
21,43,0,USD,0
21,44,0,USD,0
22,45,0,USD,0
3,46,0,USD,0
23,47,0,USD,0
24,48,0,USD,0
7,49,0,USD,0
7,50,0,USD,0
9,51,0,USD,0
3,52,0,USD,0
3,53,0,USD,0
25,54,0,USD,0
16,55,0,USD,0
25,56,0,USD,0
12,57,0,USD,0
26,58,0,USD,0
27,59,0,USD,0
10,60,0,USD,0
10,61,0,USD,0
28,62,0,USD,0
22,63,0,USD,0
29,64,0,USD,0
25,65,0,USD,0
17,66,0,USD,0
16,67,0,USD,0
16,68,0,USD,0
30,69,0,USD,0
31,70,0,USD,0
31,71,0,USD,0
32,72,0,USD,0
32,73,0,USD,0
9,74,0,USD,0
33,75,0,USD,0
34,76,0,USD,0
1,77,0,USD,0
35,78,0,USD,0
15,79,0,USD,0
9,80,0,USD,0
9,81,0,USD,0
15,82,0,USD,0
9,83,0,USD,0
36,84,0,USD,0
36,85,0,USD,0
37,86,0,USD,0
36,87,0,USD,0
1,88,0,USD,0
1,89,0,USD,0
38,90,0,USD,0
5,91,0,USD,0
4,92,0,USD,0
5,93,0,USD,0
11,94,0,USD,0
35,95,0,USD,0
36,96,0,USD,0
36,97,0,USD,0
9,98,0,USD,0
9,99,0,USD,0
9,100,0,USD,0
9,101,0,USD,0
7,102,0,USD,0
7,103,0,USD,0
7,104,0,USD,0
7,105,0,USD,0
9,106,0,USD,0
39,107,0,USD,0
39,108,0,USD,0
39,109,0,USD,0
39,110,0,USD,0
39,111,0,USD,0
39,112,0,USD,0
9,113,0,USD,0
12,114,0,USD,0
12,115,0,USD,0
12,116,0,USD,0
7,117,0,USD,0
12,118,0,USD,0
40,119,0,USD,0
31,120,0,USD,0
31,121,0,USD,0
31,122,0,USD,0
12,123,0,USD,0
9,124,0,USD,0
9,125,0,USD,0
17,126,0,USD,0
17,127,0,USD,0
41,128,0,USD,0
41,129,0,USD,0
2,130,0,USD,0
7,131,0,USD,0
7,132,0,USD,0
32,133,0,USD,0
15,134,0,USD,0
13,135,0,USD,0
42,136,0,USD,0
43,137,0,USD,0
43,138,0,USD,0
43,139,0,USD,0
43,140,0,USD,0
40,141,0,USD,0
44,142,0,USD,0
45,143,0,USD,0
17,144,0,USD,0
17,145,0,USD,0
11,146,0,USD,0
5,147,0,USD,0
46,148,0,USD,0
39,149,0,USD,0
39,150,0,USD,0
46,151,0,USD,0
47,152,0,USD,0
47,153,0,USD,0
38,154,0,USD,0
38,155,0,USD,0
17,156,0,USD,0
33,157,0,USD,0
7,158,0,USD,0
3,159,0,USD,0
15,160,0,USD,0
0,161,0,USD,0
23,162,0,USD,0
12,163,0,USD,0
13,164,0,USD,0
12,165,0,USD,0
48,166,0,USD,0
4,167,0,USD,0
49,168,0,USD,0
50,169,0,USD,0
3,170,0,USD,0
3,171,0,USD,0
7,172,0,USD,0
7,173,0,USD,0
24,174,0,USD,0
24,175,0,USD,0
51,176,0,USD,0
1,177,0,USD,0
1,178,0,USD,0
52,179,0,USD,0
52,180,0,USD,0
11,181,0,USD,0
11,182,0,USD,0
11,183,0,USD,0
11,184,0,USD,0
11,185,0,USD,0
5,186,0,USD,0
5,187,0,USD,0
5,188,0,USD,0
5,189,0,USD,0
5,190,0,USD,0
53,191,0,USD,0
52,192,0,USD,0
5,193,0,USD,0
5,194,0,USD,0
0,195,0,USD,0
0,196,0,USD,0
0,197,0,USD,0
0,198,0,USD,0
0,199,0,USD,0
54,200,0,USD,0
54,201,0,USD,0
54,202,0,USD,0
0,203,0,USD,0
0,204,0,USD,0
0,205,0,USD,0
0,206,0,USD,0
0,207,0,USD,0
0,208,0,USD,0
0,209,0,USD,0
0,210,0,USD,0
54,211,0,USD,0
54,212,0,USD,0
46,213,0,USD,0
46,214,0,USD,0
43,215,0,USD,0
43,216,0,USD,0
19,217,0,USD,0
17,218,0,USD,0
17,219,0,USD,0
16,220,0,USD,0
17,221,0,USD,0
17,222,0,USD,0
17,223,0,USD,0
17,224,0,USD,0
17,225,0,USD,0
17,226,0,USD,0
55,227,0,USD,0
17,228,0,USD,0
17,229,0,USD,0
17,230,0,USD,0
17,231,0,USD,0
17,232,0,USD,0
17,233,0,USD,0
16,234,0,USD,0
38,235,0,USD,0
43,236,0,USD,0
43,237,0,USD,0
12,238,0,USD,0
56,239,0,USD,0
7,240,0,USD,0
17,241,0,USD,0
38,242,0,USD,0
17,243,0,USD,0
38,244,0,USD,0
38,245,0,USD,0
19,246,0,USD,0
0,247,0,USD,0
0,248,0,USD,0
10,249,0,USD,0
10,250,0,USD,0
43,251,0,USD,0
43,252,0,USD,0
43,253,0,USD,0
43,254,0,USD,0
43,255,0,USD,0
43,256,0,USD,0
43,257,0,USD,0
43,258,0,USD,0
43,259,0,USD,0
43,260,0,USD,0
43,261,0,USD,0
43,262,0,USD,0
43,263,0,USD,0
43,264,0,USD,0
43,265,0,USD,0
43,266,0,USD,0
43,267,0,USD,0
43,268,0,USD,0
43,269,0,USD,0
43,270,0,USD,0
43,271,0,USD,0
10,272,0,USD,0
10,273,0,USD,0
57,274,0,USD,0
57,275,0,USD,0
57,276,0,USD,0
57,277,0,USD,0
